1 1000802
1 1000807
1 1000809
1 1001265
2 1001448
2 1001450
2 1001451
3 1000687
3 1000691
3 1001449
4 1000699
4 1000700
4 1000704
5 1000185
5 1000187
5 1000196
5 1000209
5 1000849
5 1001049
5 1001368
6 1000185
6 1000187
6 1000196
7 1000022
7 1000031
7 1000117
7 1000184
7 1000186
7 1000188
7 1000198
7 1000200
7 1000379
7 1000592
7 1000598
7 1000599
7 1000680
7 1000681
7 1000688
7 1000701
7 1000742
7 1000753
7 1000837
7 1000853
7 1001046
8 1000186
8 1000195
8 1000679
8 1000690
8 1000707
8 1000818
8 1001370
10 1001343
11 1000166
11 1000169
11 1000497
11 1000851
11 1001080
11 1001479
12 1000173
12 1000833
13 1001328
13 1001329
14 1001088
14 1001089
15 1001368
15 1001370
15 1001372
16 1000197
16 1000202
17 1000201
17 1000206
17 1001373
18 1000336
19 1000203
19 1000210
19 1000488
19 1000939
19 1000945
20 1001082
20 1001083
21 1000204
21 1000205
22 1000328
22 1001091
24 1000339
25 1000963
25 1000964
26 1001109
26 1001110
26 1001111
26 1001121
26 1001122
27 1000309
27 1001342
28 1000784
29 1000263
29 1000265
30 1000125
31 1000126
33 1000936
34 1000361
35 1000985
35 1001016
36 1000990
36 1001017
37 1000996
37 1001021
38 1000972
38 1000973
39 1001153
39 1001154
40 1001229
40 1001230
41 1000992
41 1000993
42 1000976
42 1000977
43 1000998
43 1001019
44 1000986
44 1000987
44 1001162
44 1001163
45 1001217
45 1001237
46 1001005
46 1001022
47 1000974
47 1001009
48 1000419
48 1000420
49 1000260
49 1000264
50 1001361
51 1000363
52 1001330
52 1001331
53 1001428
53 1001431
53 1001440
54 1001131
54 1001134
55 1001125
55 1001132
56 1001429
56 1001432
57 1000042
57 1001130
57 1001135
65 1000508
65 1000513
65 1001071
65 1001077
66 1001073
66 1001075
66 1001076
67 1001252
67 1001494
68 1001090
68 1001091
69 1001425
69 1001438
70 1001327
70 1001336
71 1000078
71 1000079
71 1001272
72 1001499
72 1001500
73 1001498
73 1001503
74 1001426
74 1001427
74 1001439
75 1000965
75 1000966
76 1001170
76 1001171
77 1001148
77 1001184
78 1001233
78 1001234
79 1001174
79 1001175
80 1000442
80 1000443
80 1000761
81 1000640
81 1000641
82 1000007
82 1000522
82 1000656
82 1001354
83 1000657
84 1001206
85 1001204
85 1001205
86 1000466
88 1000525
89 1000950
90 1000006
93 1000262
93 1000267
93 1001316
94 1000382
94 1000389
96 1000373
96 1000377
97 1001278
97 1001279
98 1001277
99 1001280
99 1001282
100 1000374
100 1000378
101 1000733
102 1001197
103 1000009
104 1000730
105 1000002
105 1000089
105 1000090
105 1000649
105 1001288
105 1001292
106 1000650
106 1000651
107 1000013
108 1000015
109 1000018
110 1000011
111 1000093
111 1000094
111 1000297
112 1001464
112 1001465
113 1001463
114 1000036
114 1000037
114 1000063
114 1000065
115 1000092
115 1000097
115 1000278
115 1000279
116 1000359
116 1000364
117 1000360
117 1000365
118 1000692
118 1000697
119 1001281
121 1001200
122 1000874
122 1000875
123 1000836
123 1000839
124 1000591
125 1000387
126 1000230
127 1000122
127 1000469
127 1000484
127 1000493
127 1000517
127 1000526
127 1000528
127 1001414
128 1000118
128 1000121
128 1000528
128 1000530
129 1000706
129 1000710
130 1000051
130 1000052
131 1000053
132 1001133
132 1001136
132 1001137
132 1001143
132 1001144
132 1001145
133 1000019
133 1000020
133 1000718
133 1000888
134 1000045
135 1000033
135 1000034
136 1000023
136 1000024
137 1001027
138 1000223
138 1000224
139 1000407
140 1000404
141 1000405
142 1000406
143 1000403
144 1000402
145 1000572
145 1000578
146 1000010
146 1001393
146 1001434
146 1001437
147 1000039
147 1000040
147 1000062
147 1000069
147 1000075
147 1000101
147 1000152
147 1000155
147 1000244
147 1000255
147 1000262
147 1000282
147 1000302
147 1000328
147 1000383
147 1000394
147 1000400
147 1000573
147 1000693
147 1000772
147 1001128
147 1001311
147 1001334
147 1001430
148 1000959
148 1000960
148 1001126
148 1001127
148 1001138
148 1001139
148 1001140
149 1000027
149 1000038
150 1000384
152 1001190
152 1001366
153 1000012
154 1000014
155 1000016
156 1000017
157 1000054
158 1000669
158 1000671
159 1001203
159 1001214
159 1001216
160 1001301
160 1001310
161 1001142
162 1000043
163 1000560
163 1000571
164 1000561
164 1000562
165 1001024
165 1001025
166 1000044
166 1000058
167 1000841
168 1000962
169 1000410
170 1001501
170 1001504
171 1000999
171 1001018
172 1001155
172 1001181
174 1001231
174 1001238
175 1000994
175 1001007
177 1001224
177 1001235
179 1000978
179 1001011
180 1001172
180 1001179
181 1001003
181 1001020
182 1001164
182 1001167
184 1001176
184 1001177
185 1001218
185 1001219
186 1001149
186 1001150
188 1000008
188 1000032
188 1000035
189 1000061
189 1000064
189 1000066
190 1000558
190 1000569
191 1001442
191 1001446
192 1001474
192 1001475
193 1000902
193 1000903
194 1000218
194 1000225
195 1000369
195 1000370
196 1000222
197 1000069
197 1000266
197 1000811
198 1001457
199 1000074
199 1000075
200 1000073
200 1000080
201 1000077
201 1001271
202 1000401
202 1000409
204 1000083
205 1000084
205 1000218
206 1000770
206 1000793
207 1000576
207 1000577
208 1000289
208 1000296
210 1001299
210 1001306
211 1001276
211 1001283
211 1001288
211 1001299
212 1001285
213 1000001
213 1000087
213 1000088
214 1000086
214 1000320
214 1000551
214 1001087
215 1000003
215 1000091
215 1000321
215 1000827
215 1000918
215 1001088
215 1001289
216 1001342
217 1001444
217 1001445
218 1001472
218 1001473
219 1001297
219 1001308
220 1001275
221 1000056
221 1000057
222 1000055
223 1000695
223 1000696
223 1000709
223 1000738
224 1001286
224 1001289
225 1000000
226 1000911
227 1000917
229 1000234
229 1000307
229 1000375
229 1000439
229 1000499
229 1001119
229 1001256
229 1001273
229 1001275
229 1001284
229 1001293
229 1001313
230 1001290
231 1000860
232 1001349
233 1001062
233 1001064
233 1001065
234 1001079
235 1000335
236 1001412
237 1000862
237 1000863
238 1000021
238 1000026
238 1000719
239 1000025
239 1000673
239 1000674
239 1000838
240 1000861
241 1000864
242 1000557
242 1000872
242 1001112
243 1000565
243 1000566
243 1000570
245 1000029
245 1000035
245 1000068
245 1000090
245 1000110
245 1000140
245 1000175
245 1000176
245 1000178
245 1000179
245 1000202
245 1000204
245 1000221
245 1000228
245 1000274
245 1000296
245 1000317
245 1000324
245 1000325
245 1000341
245 1000423
245 1000424
245 1000471
245 1000473
245 1000475
245 1000487
245 1000490
245 1000496
245 1000519
245 1000535
245 1000544
245 1000550
245 1000569
245 1000650
245 1000652
245 1000686
245 1000699
245 1000719
245 1000725
245 1000740
245 1000757
245 1000782
245 1000790
245 1000804
245 1000820
245 1000830
245 1000872
245 1000908
245 1000941
245 1000963
245 1001038
245 1001054
245 1001060
245 1001097
245 1001186
245 1001188
245 1001243
245 1001250
245 1001255
245 1001258
245 1001260
245 1001262
245 1001280
245 1001291
245 1001326
245 1001345
245 1001352
245 1001357
245 1001366
245 1001373
245 1001410
245 1001418
245 1001466
245 1001470
246 1000682
246 1000685
248 1000001
248 1000084
248 1000116
248 1000223
248 1000225
248 1000226
248 1000227
248 1000288
248 1000304
248 1000777
248 1000874
248 1000879
248 1000923
248 1000928
248 1001014
248 1001114
248 1001166
248 1001222
248 1001274
248 1001420
249 1000000
249 1000020
249 1000024
249 1000030
249 1000036
249 1000067
249 1000083
249 1000091
249 1000111
249 1000115
249 1000141
249 1000162
249 1000175
249 1000177
249 1000201
249 1000203
249 1000213
249 1000220
249 1000222
249 1000224
249 1000227
249 1000238
249 1000270
249 1000273
249 1000287
249 1000295
249 1000303
249 1000308
249 1000309
249 1000310
249 1000316
249 1000326
249 1000327
249 1000333
249 1000342
249 1000343
249 1000347
249 1000360
249 1000362
249 1000386
249 1000422
249 1000429
249 1000430
249 1000454
249 1000466
249 1000472
249 1000476
249 1000477
249 1000479
249 1000486
249 1000489
249 1000495
249 1000518
249 1000520
249 1000525
249 1000534
249 1000542
249 1000543
249 1000549
249 1000552
249 1000568
249 1000594
249 1000649
249 1000651
249 1000653
249 1000681
249 1000698
249 1000724
249 1000735
249 1000739
249 1000743
249 1000748
249 1000756
249 1000767
249 1000781
249 1000783
249 1000784
249 1000789
249 1000791
249 1000803
249 1000818
249 1000819
249 1000829
249 1000844
249 1000854
249 1000871
249 1000873
249 1000878
249 1000926
249 1000927
249 1000931
249 1000948
249 1000955
249 1000962
249 1001013
249 1001028
249 1001037
249 1001053
249 1001059
249 1001067
249 1001091
249 1001092
249 1001095
249 1001096
249 1001105
249 1001115
249 1001121
249 1001124
249 1001165
249 1001185
249 1001221
249 1001242
249 1001249
249 1001254
249 1001257
249 1001259
249 1001261
249 1001279
249 1001281
249 1001285
249 1001290
249 1001293
249 1001312
249 1001325
249 1001344
249 1001346
249 1001351
249 1001356
249 1001363
249 1001365
249 1001372
249 1001409
249 1001415
249 1001417
249 1001419
249 1001447
249 1001465
249 1001469
249 1001480
249 1001493
250 1000343
250 1000345
250 1000346
250 1000348
250 1000423
250 1001187
251 1000344
251 1000670
251 1001207
251 1001388
252 1000422
252 1000425
252 1000671
252 1001024
252 1001026
252 1001389
253 1001023
253 1001025
255 1000153
255 1000155
255 1000251
255 1000332
255 1000342
255 1000378
255 1000392
255 1000398
255 1000429
255 1000433
255 1000675
255 1000697
255 1000812
255 1000820
255 1000951
255 1001126
255 1001140
255 1001201
255 1001277
255 1001323
255 1001336
255 1001361
255 1001438
255 1001496
255 1001505
256 1000424
256 1000449
256 1000450
256 1000591
256 1000950
256 1001093
256 1001204
256 1001258
257 1000095
257 1000109
257 1000112
257 1000115
257 1000126
257 1000132
257 1000138
257 1000141
257 1000159
257 1000249
257 1000298
257 1000386
257 1000389
257 1000628
257 1000638
257 1000780
257 1000824
257 1000910
257 1000968
257 1000987
257 1000999
257 1001003
257 1001005
257 1001007
257 1001009
257 1001011
257 1001013
257 1001130
257 1001150
257 1001165
257 1001167
257 1001177
257 1001179
257 1001181
257 1001188
257 1001219
257 1001221
257 1001224
257 1001238
257 1001324
257 1001499
257 1001504
257 1001506
259 1001093
259 1001186
260 1001094
260 1001187
261 1001300
261 1001307
262 1000760
263 1000216
263 1000217
263 1000948
265 1000716
265 1000717
266 1000588
267 1000269
267 1000271
267 1000322
268 1000474
270 1000564
270 1000566
270 1000575
270 1000597
270 1000600
271 1000747
271 1000748
271 1001099
272 1000740
272 1000741
272 1000954
273 1000588
273 1000597
273 1000599
273 1000601
273 1000625
273 1000714
273 1000739
273 1000745
273 1001060
273 1001097
273 1001101
273 1001396
274 1000886
274 1000889
275 1000694
277 1000855
278 1000942
278 1000945
279 1000720
280 1000737
281 1000735
282 1000672
282 1000677
283 1000636
283 1000637
284 1000626
284 1000627
284 1000635
284 1000713
284 1001117
285 1000736
285 1000743
285 1000746
285 1000946
285 1001063
285 1001082
286 1000667
287 1000676
287 1000678
287 1000744
287 1001084
288 1000885
289 1000572
289 1000786
290 1000207
290 1000509
290 1000510
291 1001098
292 1001100
293 1000887
293 1000890
294 1000604
294 1000605
295 1000602
295 1000603
295 1001054
296 1001092
296 1001185
296 1001189
297 1001337
298 1000229
298 1000593
298 1000594
298 1000596
298 1001338
298 1001357
298 1001481
299 1000272
299 1000273
299 1001341
300 1000274
300 1000275
300 1000277
300 1000595
300 1000675
301 1000592
301 1000598
302 1000532
303 1001395
303 1001398
303 1001400
304 1000852
304 1000941
305 1000854
305 1000856
305 1000943
306 1000715
306 1000721
307 1001508
308 1000270
308 1000323
309 1000240
309 1000276
309 1000324
309 1000593
309 1000600
310 1000076
310 1000081
311 1000077
311 1000142
311 1000217
311 1000354
311 1000357
311 1000842
311 1000845
311 1000961
311 1000979
311 1000980
311 1000981
311 1000982
311 1000983
311 1000984
311 1001050
311 1001156
311 1001157
311 1001158
311 1001159
311 1001160
311 1001223
311 1001226
311 1001227
311 1001269
311 1001271
311 1001347
311 1001497
312 1000078
312 1000133
312 1000658
312 1000846
312 1001051
312 1001272
313 1001345
313 1001346
314 1000183
314 1000447
314 1000644
314 1000816
314 1001320
315 1000412
315 1000414
316 1000605
316 1000722
316 1000723
316 1000724
316 1000821
316 1000830
316 1000877
316 1000925
316 1001245
317 1000608
317 1000609
317 1000611
318 1000539
318 1000540
319 1000622
319 1000623
319 1000624
320 1000618
320 1000619
320 1000620
320 1001056
321 1000614
321 1000615
321 1000616
321 1000617
321 1000621
322 1000610
322 1000612
325 1000606
325 1000607
325 1000613
325 1001055
326 1001057
326 1001058
327 1000496
327 1000500
327 1000829
327 1000831
327 1000834
327 1000927
328 1000460
328 1000725
328 1000857
328 1000858
328 1000859
328 1000865
328 1000876
328 1000878
328 1000924
328 1001478
329 1000822
330 1000019
330 1000160
330 1000174
330 1000237
330 1000335
330 1000436
330 1000451
330 1000463
330 1000470
330 1000482
330 1000501
330 1000541
330 1000555
330 1000799
330 1000884
330 1000892
330 1000895
330 1000908
330 1000919
330 1000937
330 1000947
330 1000956
330 1001064
330 1001212
330 1001401
330 1001402
330 1001405
330 1001407
330 1001412
330 1001477
330 1001484
330 1001507
330 1001508
331 1000891
331 1000896
332 1000002
332 1000005
332 1000007
332 1000008
332 1000009
332 1000011
332 1000012
332 1000013
332 1000014
332 1000015
332 1000016
332 1000017
332 1000018
332 1000026
332 1000028
332 1000041
332 1000042
332 1000043
332 1000047
332 1000049
332 1000051
332 1000052
332 1000053
332 1000059
332 1000073
332 1000077
332 1000079
332 1000085
332 1000088
332 1000097
332 1000098
332 1000105
332 1000106
332 1000107
332 1000114
332 1000120
332 1000123
332 1000128
332 1000143
332 1000147
332 1000149
332 1000150
332 1000161
332 1000163
332 1000167
332 1000171
332 1000190
332 1000213
332 1000217
332 1000226
332 1000232
332 1000236
332 1000247
332 1000253
332 1000260
332 1000261
332 1000264
332 1000280
332 1000281
332 1000299
332 1000308
332 1000314
332 1000320
332 1000325
332 1000330
332 1000337
332 1000338
332 1000339
332 1000340
332 1000344
332 1000349
332 1000350
332 1000351
332 1000352
332 1000353
332 1000355
332 1000356
332 1000357
332 1000358
332 1000378
332 1000385
332 1000392
332 1000425
332 1000426
332 1000429
332 1000432
332 1000433
332 1000442
332 1000446
332 1000448
332 1000450
332 1000452
332 1000453
332 1000464
332 1000474
332 1000478
332 1000480
332 1000481
332 1000485
332 1000488
332 1000491
332 1000508
332 1000532
332 1000533
332 1000537
332 1000556
332 1000561
332 1000564
332 1000566
332 1000584
332 1000590
332 1000608
332 1000614
332 1000641
332 1000665
332 1000669
332 1000672
332 1000687
332 1000692
332 1000695
332 1000697
332 1000713
332 1000718
332 1000726
332 1000738
332 1000749
332 1000751
332 1000755
332 1000759
332 1000763
332 1000773
332 1000794
332 1000802
332 1000825
332 1000831
332 1000839
332 1000849
332 1000850
332 1000859
332 1000860
332 1000865
332 1000866
332 1000867
332 1000876
332 1000877
332 1000880
332 1000882
332 1000883
332 1000888
332 1000897
332 1000899
332 1000901
332 1000903
332 1000915
332 1000920
332 1000921
332 1000922
332 1000927
332 1000929
332 1000931
332 1000932
332 1000938
332 1000940
332 1000944
332 1000954
332 1000955
332 1000964
332 1000971
332 1000975
332 1000989
332 1000991
332 1000995
332 1000997
332 1001015
332 1001027
332 1001043
332 1001048
332 1001056
332 1001062
332 1001067
332 1001079
332 1001102
332 1001103
332 1001104
332 1001106
332 1001107
332 1001108
332 1001109
332 1001110
332 1001113
332 1001114
332 1001116
332 1001123
332 1001129
332 1001133
332 1001136
332 1001141
332 1001143
332 1001144
332 1001152
332 1001161
332 1001169
332 1001173
332 1001183
332 1001193
332 1001195
332 1001196
332 1001197
332 1001198
332 1001199
332 1001200
332 1001201
332 1001205
332 1001209
332 1001228
332 1001232
332 1001236
332 1001244
332 1001246
332 1001247
332 1001266
332 1001267
332 1001284
332 1001285
332 1001287
332 1001295
332 1001296
332 1001298
332 1001301
332 1001302
332 1001304
332 1001321
332 1001332
332 1001343
332 1001362
332 1001367
332 1001369
332 1001390
332 1001391
332 1001392
332 1001421
332 1001432
332 1001433
332 1001434
332 1001435
332 1001436
332 1001442
332 1001445
332 1001448
332 1001449
332 1001451
332 1001452
332 1001457
332 1001462
332 1001467
332 1001473
332 1001475
332 1001482
332 1001483
332 1001498
332 1001502
333 1000762
333 1000893
333 1000894
334 1000235
334 1000519
334 1000835
334 1000924
334 1000929
334 1001287
335 1000461
335 1001490
336 1000212
336 1000956
336 1000957
336 1001044
337 1001423
339 1000127
339 1000130
339 1000135
340 1000318
341 1000238
341 1000242
342 1000214
342 1000215
342 1000329
342 1000959
342 1001085
344 1000241
345 1000243
345 1000248
345 1000257
345 1000258
345 1000259
345 1000432
345 1000778
346 1000428
346 1000777
347 1000281
347 1000288
347 1000304
348 1000280
348 1000282
348 1000284
348 1000285
348 1000287
348 1000295
348 1000303
348 1000306
348 1000311
348 1000430
348 1000437
348 1000924
348 1001279
349 1000096
349 1000290
349 1000291
349 1000293
349 1000312
350 1000430
350 1000431
351 1000452
351 1000453
351 1000783
351 1000913
351 1001093
351 1001380
351 1001382
351 1001385
352 1000411
352 1000448
352 1001383
352 1001384
353 1000520
353 1000654
354 1000523
355 1000653
355 1000655
356 1000521
356 1000524
357 1000003
357 1000041
357 1000061
357 1000070
357 1000076
357 1000091
357 1000100
357 1000245
357 1000247
357 1000256
357 1000263
357 1000283
357 1000288
357 1000301
357 1000329
357 1000369
357 1000381
357 1000393
357 1000399
357 1000626
357 1000642
357 1000647
357 1000649
357 1000651
357 1000765
357 1000766
357 1000767
357 1000771
357 1000779
357 1000783
357 1000785
357 1000787
357 1000789
357 1000791
357 1000799
357 1000800
357 1000803
357 1000811
357 1000871
357 1000900
357 1000928
357 1001127
357 1001268
357 1001307
357 1001310
357 1001312
357 1001322
357 1001333
357 1001429
358 1000769
359 1000804
359 1000805
360 1000245
360 1000246
360 1000801
360 1000806
360 1001266
360 1001267
361 1000039
361 1000287
361 1000308
361 1000368
361 1000372
361 1000429
361 1000625
361 1000763
361 1000764
361 1000790
361 1000927
361 1000931
361 1001284
361 1001285
361 1001306
361 1001493
362 1000768
363 1000792
364 1000969
365 1000905
365 1000907
365 1001305
366 1001303
366 1001304
367 1001302
367 1001311
368 1000911
368 1000916
368 1000917
369 1000292
369 1000294
369 1000313
369 1000316
369 1000909
370 1001430
371 1000958
371 1001128
373 1001033
373 1001035
373 1001036
374 1001041
375 1000144
375 1000145
375 1001050
375 1001052
376 1000912
376 1000918
376 1001066
376 1001067
378 1000244
378 1000258
378 1000427
378 1000774
378 1001146
378 1001147
379 1000394
379 1001208
380 1000808
380 1000810
380 1001269
380 1001270
382 1001350
382 1001351
383 1001352
383 1001353
384 1000239
384 1001032
385 1000060
385 1000321
385 1000362
385 1000374
385 1001375
385 1001387
385 1001388
385 1001390
386 1001397
386 1001399
387 1000315
387 1001422
387 1001424
387 1001433
387 1001435
388 1000379
388 1001452
388 1001453
389 1000400
389 1001458
390 1001086
390 1001334
392 1001029
393 1001028
393 1001030
393 1001037
393 1001042
394 1001038
394 1001039
395 1001031
396 1000099
396 1000102
396 1000300
397 1000585
397 1001053
397 1001059
397 1001061
399 1001362
400 1000004
400 1000005
400 1000006
400 1000007
400 1000031
400 1000033
400 1000047
400 1000051
400 1000063
400 1000074
400 1000112
400 1000120
400 1000130
400 1000134
400 1000145
400 1000207
400 1000212
400 1000246
400 1000252
400 1000265
400 1000269
400 1000271
400 1000294
400 1000313
400 1000355
400 1000364
400 1000397
400 1000443
400 1000505
400 1000575
400 1000577
400 1000582
400 1000586
400 1000610
400 1000639
400 1000657
400 1000665
400 1000678
400 1000707
400 1000716
400 1000736
400 1000808
400 1000843
400 1000847
400 1000855
400 1000890
400 1000929
400 1000973
400 1000977
400 1000993
400 1001017
400 1001019
400 1001021
400 1001043
400 1001057
400 1001075
400 1001076
400 1001078
400 1001098
400 1001100
400 1001105
400 1001106
400 1001108
400 1001131
400 1001137
400 1001148
400 1001154
400 1001163
400 1001171
400 1001175
400 1001217
400 1001230
400 1001234
400 1001268
400 1001304
400 1001322
400 1001340
400 1001395
400 1001398
400 1001422
400 1001440
400 1001500
400 1001504
401 1000032
401 1000044
401 1000048
401 1000064
401 1000071
401 1000073
401 1000113
401 1000119
401 1000129
401 1000146
401 1000208
401 1000211
401 1000247
401 1000253
401 1000266
401 1000272
401 1000279
401 1000293
401 1000323
401 1000365
401 1000398
401 1000444
401 1000504
401 1000576
401 1000578
401 1000579
401 1000581
401 1000583
401 1000587
401 1000609
401 1000615
401 1000619
401 1000623
401 1000640
401 1000656
401 1000666
401 1000706
401 1000715
401 1000807
401 1000841
401 1000848
401 1000856
401 1000889
401 1000930
401 1000974
401 1000978
401 1000994
401 1001018
401 1001020
401 1001022
401 1001044
401 1001074
401 1001077
401 1001099
401 1001101
401 1001132
401 1001138
401 1001149
401 1001155
401 1001164
401 1001172
401 1001176
401 1001218
401 1001231
401 1001235
401 1001267
401 1001305
401 1001323
401 1001341
401 1001396
401 1001397
401 1001439
401 1001501
401 1001505
402 1000034
402 1000041
402 1000049
402 1000052
402 1000065
402 1000086
402 1000093
402 1000107
402 1000154
402 1000157
402 1000192
402 1000290
402 1000292
402 1000356
402 1000503
402 1000563
402 1000612
402 1000660
402 1000674
402 1000676
402 1000692
402 1000708
402 1000776
402 1000806
402 1000810
402 1000815
402 1000835
402 1000847
402 1000862
402 1000864
402 1000970
402 1001058
402 1001073
402 1001090
402 1001113
402 1001195
402 1001330
402 1001380
402 1001385
402 1001400
402 1001428
402 1001444
402 1001472
403 1000039
403 1000040
403 1000050
403 1000066
403 1000087
403 1000092
403 1000135
403 1000155
403 1000156
403 1000181
403 1000191
403 1000278
403 1000289
403 1000291
403 1000312
403 1000402
403 1000403
403 1000404
403 1000412
403 1000502
403 1000540
403 1000562
403 1000611
403 1000616
403 1000620
403 1000624
403 1000645
403 1000659
403 1000675
403 1000677
403 1000693
403 1000768
403 1000775
403 1000792
403 1000805
403 1000809
403 1000834
403 1000848
403 1000861
403 1000863
403 1000969
403 1001072
403 1001089
403 1001112
403 1001194
403 1001318
403 1001329
403 1001379
403 1001384
403 1001399
403 1001427
403 1001443
403 1001471
404 1000010
404 1000040
404 1000164
404 1000168
404 1000233
404 1000251
404 1000286
404 1000303
404 1000310
404 1000342
404 1000390
404 1000533
404 1000714
404 1000788
404 1000789
404 1000835
404 1000898
404 1000906
404 1000916
404 1000926
404 1001257
404 1001391
404 1001393
404 1001434
404 1001436
405 1000311
405 1000800
405 1001052
405 1001065
405 1001213
405 1001270
406 1000044
406 1000054
406 1000071
406 1000402
406 1000403
406 1000404
406 1000574
406 1000580
406 1000761
406 1000796
406 1000798
406 1001033
406 1001362
406 1001421
406 1001455
406 1001456
407 1001401
408 1000307
409 1000124
409 1000125
409 1000157
409 1000158
410 1001409
411 1000912
412 1001447
413 1001410
413 1001454
414 1000668
414 1000691
414 1001260
414 1001261
414 1001263
414 1001459
414 1001460
414 1001461
414 1001464
415 1001462
415 1001463
417 1001467
418 1000663
418 1000666
419 1000634
420 1000632
420 1000633
420 1001468
421 1000701
421 1000703
421 1000705
422 1000664
423 1000665
423 1000668
423 1000689
423 1000690
423 1000700
423 1000702
423 1000936
424 1001259
425 1000462
425 1000631
425 1000667
425 1000688
425 1000704
425 1001257
425 1001262
425 1001264
425 1001491
425 1001492
425 1001493
426 1000926
426 1000927
426 1000930
426 1000931
426 1001314
428 1001402
429 1001291
429 1001292
430 1001404
430 1001405
431 1000772
431 1000773
432 1000249
432 1000250
433 1000253
433 1000254
434 1000251
434 1000255
436 1001034
437 1001407
438 1001298
438 1001309
439 1000376
439 1000380
444 1001103
444 1001104
446 1000630
446 1000631
446 1000638
447 1000298
447 1000301
448 1000780
448 1000781
449 1000775
449 1000782
450 1000771
450 1000776
451 1000299
451 1000302
452 1001115
453 1000628
453 1000629
453 1001116
455 1001102
456 1000438
456 1000441
457 1000261
458 1000897
458 1000904
459 1000788
460 1001123
460 1001124
460 1001358
461 1000095
461 1000100
462 1000098
462 1000101
463 1001315
463 1001389
464 1000559
465 1001376
465 1001381
466 1000573
467 1000059
467 1000062
468 1000910
468 1000913
468 1001392
469 1000824
469 1000951
471 1000387
471 1000405
471 1000406
471 1000407
471 1000813
471 1000814
471 1001360
472 1000267
472 1000268
473 1000827
474 1001496
474 1001506
475 1000968
476 1000138
476 1000153
477 1001377
477 1001382
478 1000382
478 1000401
479 1001000
479 1001001
480 1000981
480 1001006
481 1000980
481 1001004
482 1001010
482 1001015
483 1000149
483 1000150
484 1001239
484 1001240
485 1001220
485 1001227
486 1001222
486 1001223
487 1001225
487 1001226
488 1000103
488 1000104
489 1000983
489 1000988
489 1001168
490 1000385
490 1000386
491 1000388
492 1000371
492 1000875
493 1000071
493 1000072
494 1000398
494 1000399
494 1001456
496 1000085
497 1000503
497 1000505
497 1000670
497 1000731
497 1000732
497 1000734
497 1000757
497 1000842
497 1000845
497 1000847
497 1000970
498 1000989
499 1000995
500 1000997
501 1000991
501 1001002
502 1001228
503 1001232
504 1001236
505 1000123
505 1000128
505 1000133
506 1001152
506 1001241
508 1000971
509 1001169
511 1000975
513 1001173
515 1001183
516 1001161
520 1000107
520 1000112
520 1000117
520 1000120
520 1000319
520 1000587
520 1001441
521 1000111
521 1000115
521 1000119
521 1000136
521 1000300
521 1000417
521 1000419
521 1000774
521 1001117
522 1000967
523 1000129
523 1000132
523 1000134
523 1000156
525 1000109
525 1000110
526 1000108
526 1000113
526 1000116
526 1000131
526 1000137
526 1000147
526 1000162
526 1000297
526 1000336
526 1000418
526 1000421
526 1000627
526 1000637
526 1000779
526 1000825
526 1000826
526 1000952
526 1000967
526 1000988
526 1001000
526 1001004
526 1001006
526 1001008
526 1001010
526 1001012
526 1001034
526 1001129
526 1001141
526 1001151
526 1001168
526 1001178
526 1001180
526 1001182
526 1001220
526 1001225
526 1001239
526 1001375
526 1001403
526 1001404
526 1001406
526 1001411
528 1000732
528 1000733
530 1000163
530 1000169
530 1000173
530 1000229
530 1000230
530 1000469
530 1001273
531 1000167
531 1000170
531 1000171
531 1000172
531 1000174
532 1001191
533 1000922
533 1000925
534 1001364
534 1001365
535 1000183
538 1001421
539 1000105
540 1000106
541 1000114
542 1001216
545 1000750
545 1000751
546 1000375
546 1000381
549 1000237
550 1001469
551 1001470
553 1000340
554 1000334
555 1000355
555 1000356
555 1000357
556 1000160
556 1000162
556 1000331
556 1000434
556 1000435
556 1000436
556 1000962
556 1001254
556 1001325
557 1000337
558 1001026
560 1000137
561 1000136
561 1000984
561 1001012
564 1000982
564 1001008
565 1000332
565 1000333
566 1000341
566 1000427
566 1000437
569 1000330
572 1000350
573 1000349
573 1000351
575 1000354
577 1000352
578 1000353
579 1000366
579 1000368
579 1000372
579 1000390
579 1000395
579 1000408
580 1000148
580 1000414
580 1000416
580 1000418
585 1000446
587 1000798
588 1000331
589 1000914
589 1000915
590 1000451
590 1000454
590 1000455
590 1000456
590 1000457
590 1000458
590 1000459
590 1000460
590 1000461
590 1000462
590 1000464
591 1000426
591 1000463
592 1000177
592 1000473
592 1000546
592 1000548
593 1000472
594 1000455
594 1000471
594 1000545
594 1000547
594 1001485
595 1000347
595 1000477
596 1000476
596 1000478
597 1000456
597 1000475
597 1000481
597 1001486
598 1000486
598 1000490
599 1000489
600 1000457
600 1000487
600 1000491
600 1001476
600 1001487
601 1000534
601 1000544
601 1000546
601 1000547
602 1000659
602 1000662
603 1000193
603 1000537
603 1000538
603 1000661
604 1000191
604 1000194
605 1000192
605 1000660
606 1000189
606 1000190
606 1000536
607 1000543
607 1000545
607 1000557
608 1000188
608 1000458
608 1000535
608 1000548
608 1001488
609 1000549
610 1000551
610 1000552
611 1000459
611 1000550
611 1000556
611 1001489
613 1000308
613 1000310
613 1001312
614 1001159
614 1001180
616 1000231
616 1000232
616 1000467
616 1000468
616 1000470
617 1000480
617 1000482
618 1000492
618 1000494
618 1000501
619 1000233
619 1000515
619 1000516
620 1000527
620 1000529
620 1000531
621 1000479
621 1000483
621 1000554
621 1000555
621 1001476
622 1001096
623 1001216
624 1001215
625 1000139
625 1000952
628 1000868
628 1000869
629 1000867
630 1000866
631 1000870
631 1000873
632 1000871
633 1000485
637 1001374
639 1000584
640 1000586
642 1000004
643 1000180
643 1000181
646 1000644
647 1001321
648 1000510
648 1000957
649 1000647
650 1000645
650 1000646
653 1001317
653 1001318
656 1000182
658 1000511
658 1000893
659 1000648
660 1000643
661 1001319
663 1000639
664 1000898
664 1000899
665 1000652
666 1000143
666 1000286
666 1000306
666 1000658
666 1000778
666 1000923
666 1001283
667 1000759
668 1000726
669 1000728
670 1000345
670 1000722
670 1001459
671 1000509
671 1000512
671 1000639
671 1000642
671 1001076
671 1001377
671 1001380
672 1001069
672 1001070
673 1001378
673 1001379
674 1000727
674 1000756
674 1000758
674 1000840
674 1000843
675 1000844
676 1000198
676 1000199
676 1000305
676 1000502
676 1000504
676 1000506
676 1000522
676 1000742
676 1000845
676 1000848
676 1000853
676 1001040
676 1001354
677 1000850
678 1000338
679 1000319
679 1000320
679 1000784
679 1000826
679 1000828
679 1001290
679 1001441
680 1000750
680 1000752
681 1000684
684 1000685
685 1000683
685 1000686
686 1000753
686 1000754
687 1000755
688 1000749
689 1000005
689 1000579
689 1000583
689 1000870
689 1001040
689 1001043
690 1000580
690 1000581
690 1000582
691 1000082
691 1000817
691 1000825
691 1000935
692 1000493
692 1000497
692 1000499
692 1000833
692 1000882
693 1000495
693 1000498
693 1000832
693 1000883
693 1000884
698 1001455
701 1000795
702 1000164
702 1000166
702 1000234
702 1000514
702 1000517
702 1000919
702 1000933
703 1000305
703 1000920
704 1000921
707 1000165
707 1000168
707 1000518
707 1000932
709 1000413
709 1000415
711 1001497
712 1000358
712 1000367
712 1000383
713 1000151
713 1000154
713 1000934
714 1000728
715 1000961
716 1000392
716 1000393
717 1001085
717 1001087
717 1001129
717 1001141
717 1001332
717 1001333
717 1001495
718 1000936
718 1000937
718 1000938
718 1000940
719 1000944
720 1001151
720 1001158
721 1001013
722 1000979
722 1001014
723 1001023
723 1001466
724 1000152
724 1000823
724 1000960
724 1001495
728 1000949
732 1001046
732 1001048
732 1001081
733 1001045
733 1001047
735 1001502
736 1000787
737 1000507
737 1000512
737 1001068
737 1001072
737 1001074
737 1001078
738 1001251
738 1001255
740 1001157
740 1001178
741 1001107
742 1001119
742 1001120
745 1001160
745 1001182
747 1000729
750 1000585
750 1000698
750 1000711
750 1000712
750 1000727
750 1000760
750 1000939
750 1000946
750 1001063
750 1001080
751 1000439
751 1000444
751 1000762
752 1000440
752 1000445
753 1000001
753 1000031
753 1000060
753 1000090
753 1000108
753 1000140
753 1000165
753 1000170
753 1000172
753 1000231
753 1000290
753 1000315
753 1000431
753 1000438
753 1000465
753 1000468
753 1000483
753 1000492
753 1000498
753 1000507
753 1000516
753 1000565
753 1000567
753 1000571
753 1000589
753 1000606
753 1000650
753 1000652
753 1000734
753 1000752
753 1000772
753 1000776
753 1000790
753 1000806
753 1000832
753 1000868
753 1000872
753 1000881
753 1000908
753 1000925
753 1000963
753 1001045
753 1001081
753 1001187
753 1001202
753 1001206
753 1001211
753 1001212
753 1001213
753 1001215
753 1001248
753 1001255
753 1001258
753 1001280
753 1001291
753 1001303
753 1001326
753 1001413
754 1000146
754 1000147
754 1000283
754 1000417
754 1000421
754 1000819
754 1001051
754 1001202
754 1001326
755 1000891
755 1000895
759 1001191
759 1001193
760 1001165
761 1001221
762 1000730
762 1000731
762 1001156
762 1001166
763 1001095
764 1001210
765 1001209
767 1001196
767 1001198
767 1001199
769 1000589
769 1000590
770 1000314
770 1000317
771 1000028
771 1000029
771 1000558
771 1000564
771 1000566
771 1000820
771 1000821
771 1001201
771 1001263
774 1001296
775 1001294
775 1001295
776 1000158
777 1000159
778 1001247
778 1001249
779 1001250
780 1001248
781 1000794
782 1000447
783 1000236
784 1000881
784 1001244
785 1000879
785 1000880
786 1000814
786 1000815
787 1000391
787 1000396
787 1000397
788 1001214
790 1001254
790 1001505
798 1000796
799 1000816
800 1001482
801 1001320
803 1001242
804 1000574
804 1001243
805 1000116
805 1000189
805 1000219
805 1000235
805 1000288
805 1000304
805 1000361
805 1000363
805 1000380
805 1000440
805 1000500
805 1000632
805 1000668
805 1000682
805 1000689
805 1000705
805 1000777
805 1000928
805 1001207
805 1001245
805 1001246
805 1001274
805 1001276
805 1001294
805 1001314
805 1001347
805 1001364
805 1001468
806 1000022
806 1000030
806 1000046
806 1000082
806 1000096
806 1000208
806 1000211
806 1000359
806 1000371
806 1000381
806 1000409
806 1000511
806 1000533
806 1000710
806 1000822
806 1000823
806 1000837
806 1000916
806 1000955
806 1000958
806 1001086
806 1001264
806 1001321
806 1001324
806 1001325
806 1001335
806 1001391
806 1001437
808 1000892
808 1000896
809 1000178
810 1000179
811 1000176
811 1000327
811 1000348
811 1000449
811 1000858
811 1001454
811 1001461
811 1001492
812 1001339
812 1001340
813 1001344
813 1001348
814 1000527
814 1000529
814 1000531
814 1000933
814 1001355
814 1001356
815 1000563
815 1000568
816 1001118
819 1000268
819 1001403
819 1001406
819 1001408
821 1000048
821 1000050
821 1000099
821 1000141
821 1000142
821 1000914
821 1000935
821 1001393
822 1000046
822 1000047
822 1000049
822 1000070
823 1000094
823 1000139
823 1000140
823 1000248
823 1000909
823 1001253
824 1000252
824 1000256
825 1001367
825 1001371
825 1001374
826 1001369
827 1001210
827 1001363
827 1001378
827 1001383
827 1001394
828 1001193
828 1001195
828 1001376
829 1001191
829 1001192
829 1001194
830 1000767
830 1000791
832 1000068
833 1001416
833 1001417
833 1001419
834 1000219
834 1000220
834 1001418
835 1000221
835 1001420
837 1001411
838 1000346
838 1000723
838 1001190
838 1001192
838 1001460
839 1001359
839 1001381
840 1000541
840 1000542
840 1001413
840 1001415
841 1001414
841 1001443
842 1000067
846 1000484
846 1000553
846 1001256
846 1001471
846 1001477
846 1001479
846 1001481
847 1001483
848 1000465
848 1001478
848 1001480
848 1001484
848 1001485
848 1001486
848 1001487
848 1001488
848 1001489
848 1001490
848 1001491
849 1000901
849 1000906
850 1000797
850 1000813
851 1001313
851 1001507
1000000 213
1000000 248
1000000 753
1000001 225
1000001 249
1000002 215
1000002 357
1000003 105
1000003 332
1000004 401
1000004 689
1000005 401
1000005 690
1000006 82
1000006 401
1000007 336
1000007 401
1000008 114
1000008 753
1000009 146
1000009 404
1000010 103
1000010 332
1000011 153
1000012 531
1000012 753
1000013 154
1000014 590
1000014 753
1000015 155
1000016 693
1000016 753
1000017 753
1000017 848
1000018 156
1000019 133
1000019 330
1000020 238
1000020 245
1000021 7
1000021 806
1000022 238
1000023 136
1000024 135
1000024 245
1000025 238
1000025 332
1000026 239
1000027 332
1000027 771
1000028 149
1000029 249
1000029 806
1000030 245
1000030 771
1000031 188
1000031 401
1000032 7
1000032 400
1000032 753
1000033 239
1000033 401
1000034 239
1000034 403
1000035 114
1000035 249
1000036 188
1000036 245
1000037 149
1000038 114
1000039 357
1000039 402
1000040 332
1000040 357
1000040 402
1000041 147
1000041 403
1000041 404
1000042 404
1000042 574
1000042 806
1000043 404
1000043 574
1000043 806
1000044 157
1000044 332
1000044 400
1000045 806
1000045 822
1000046 134
1000047 401
1000047 821
1000048 332
1000048 400
1000048 822
1000049 403
1000049 821
1000050 332
1000050 402
1000050 822
1000051 222
1000051 401
1000052 222
1000052 403
1000053 134
1000054 130
1000055 221
1000056 222
1000057 131
1000057 255
1000058 166
1000059 385
1000059 753
1000060 332
1000060 467
1000061 147
1000061 467
1000062 189
1000062 357
1000063 189
1000063 401
1000064 114
1000064 400
1000065 189
1000065 403
1000066 114
1000066 402
1000067 245
1000067 832
1000068 249
1000068 842
1000069 357
1000069 822
1000070 147
1000070 197
1000071 157
1000071 332
1000071 400
1000072 493
1000073 199
1000073 400
1000074 200
1000074 332
1000074 401
1000075 310
1000075 357
1000076 147
1000076 199
1000077 71
1000077 312
1000078 201
1000078 311
1000078 332
1000079 200
1000080 71
1000080 332
1000081 691
1000081 806
1000082 310
1000083 205
1000083 248
1000084 204
1000084 249
1000085 495
1000085 753
1000086 213
1000086 403
1000087 214
1000087 402
1000088 105
1000089 213
1000089 332
1000090 215
1000090 249
1000090 357
1000091 105
1000091 245
1000091 753
1000092 111
1000092 402
1000093 115
1000093 403
1000094 257
1000094 461
1000095 111
1000095 823
1000096 115
1000096 332
1000097 349
1000097 806
1000098 396
1000098 821
1000099 332
1000099 462
1000100 147
1000100 462
1000101 357
1000101 461
1000102 488
1000103 396
1000104 255
1000104 373
1000105 348
1000105 536
1000106 365
1000106 536
1000107 403
1000107 521
1000108 257
1000108 525
1000109 526
1000109 753
1000110 249
1000110 521
1000111 245
1000111 525
1000112 401
1000112 526
1000113 257
1000113 400
1000113 520
1000114 376
1000114 536
1000115 248
1000115 526
1000115 805
1000116 249
1000116 257
1000116 521
1000117 128
1000118 7
1000118 520
1000119 332
1000119 400
1000119 520
1000120 401
1000120 521
1000121 127
1000122 128
1000123 409
1000124 332
1000124 505
1000125 31
1000125 257
1000126 30
1000126 409
1000127 332
1000127 505
1000128 339
1000129 339
1000129 400
1000130 401
1000130 523
1000131 257
1000131 523
1000132 526
1000133 311
1000133 561
1000134 339
1000134 403
1000135 400
1000135 523
1000136 526
1000136 560
1000137 521
1000137 561
1000138 625
1000138 823
1000139 257
1000139 476
1000140 249
1000140 257
1000140 821
1000141 245
1000141 753
1000141 823
1000142 312
1000142 666
1000143 375
1000144 332
1000144 666
1000145 401
1000145 754
1000146 375
1000146 400
1000147 257
1000147 580
1000148 332
1000148 483
1000149 580
1000150 713
1000151 332
1000151 483
1000152 255
1000152 476
1000153 147
1000153 724
1000154 147
1000154 255
1000154 403
1000155 402
1000155 713
1000156 402
1000156 409
1000157 403
1000157 523
1000158 257
1000158 777
1000159 409
1000159 776
1000160 332
1000161 330
1000161 556
1000162 245
1000162 729
1000163 404
1000163 702
1000164 332
1000164 530
1000165 11
1000165 702
1000166 707
1000166 753
1000167 404
1000167 707
1000168 332
1000168 531
1000169 531
1000169 753
1000170 11
1000170 530
1000171 530
1000171 814
1000172 12
1000172 530
1000173 531
1000173 753
1000174 330
1000174 531
1000175 245
1000175 249
1000176 332
1000176 592
1000176 759
1000177 245
1000177 594
1000178 332
1000178 592
1000178 757
1000179 332
1000179 592
1000179 758
1000180 643
1000181 402
1000181 656
1000182 314
1000182 535
1000183 656
1000184 5
1000184 6
1000185 7
1000186 5
1000186 6
1000187 7
1000187 8
1000188 606
1000188 805
1000189 7
1000189 608
1000190 603
1000191 402
1000191 605
1000192 403
1000192 604
1000193 604
1000194 603
1000195 5
1000195 6
1000196 8
1000197 7
1000197 676
1000198 16
1000199 7
1000200 676
1000201 16
1000201 245
1000202 17
1000202 249
1000203 21
1000203 245
1000204 19
1000204 249
1000205 17
1000206 21
1000207 401
1000207 806
1000208 290
1000208 400
1000209 19
1000210 5
1000211 336
1000211 400
1000212 401
1000212 806
1000213 245
1000213 753
1000214 342
1000215 263
1000216 342
1000217 312
1000217 404
1000217 806
1000218 805
1000218 834
1000219 194
1000219 205
1000220 245
1000220 835
1000221 249
1000221 834
1000222 138
1000222 248
1000223 196
1000223 249
1000224 194
1000224 248
1000225 138
1000225 249
1000226 298
1000226 530
1000227 245
1000228 248
1000228 249
1000229 248
1000229 332
1000230 616
1000230 753
1000231 126
1000231 530
1000232 404
1000232 619
1000233 332
1000233 616
1000234 334
1000234 805
1000235 229
1000235 702
1000236 245
1000237 330
1000237 549
1000238 245
1000238 384
1000239 309
1000240 384
1000241 341
1000242 344
1000243 378
1000243 847
1000244 357
1000244 360
1000245 147
1000245 378
1000246 332
1000246 357
1000246 401
1000247 360
1000247 400
1000248 257
1000248 432
1000249 345
1000249 823
1000250 255
1000250 404
1000250 434
1000251 432
1000252 332
1000252 401
1000252 433
1000253 400
1000253 824
1000254 357
1000254 821
1000255 357
1000255 824
1000256 147
1000256 434
1000257 345
1000258 345
1000258 378
1000259 49
1000259 255
1000260 93
1000260 847
1000261 93
1000261 255
1000261 404
1000262 29
1000262 357
1000263 93
1000263 147
1000264 404
1000264 457
1000265 197
1000265 401
1000266 29
1000266 400
1000267 209
1000267 819
1000268 209
1000268 398
1000269 308
1000269 401
1000270 245
1000270 309
1000271 299
1000271 401
1000272 267
1000272 400
1000273 245
1000273 300
1000274 249
1000274 299
1000275 309
1000276 300
1000277 300
1000278 111
1000278 402
1000278 753
1000279 111
1000279 400
1000279 753
1000280 404
1000280 666
1000281 348
1000281 404
1000282 357
1000282 754
1000283 147
1000283 348
1000284 22
1000284 255
1000285 404
1000285 666
1000286 348
1000287 248
1000287 347
1000287 357
1000287 805
1000288 249
1000288 348
1000288 361
1000289 349
1000289 402
1000289 753
1000290 208
1000290 403
1000291 369
1000291 402
1000292 349
1000292 403
1000293 369
1000293 400
1000294 349
1000294 401
1000295 208
1000295 245
1000296 249
1000296 348
1000297 257
1000297 447
1000298 111
1000298 526
1000299 396
1000299 521
1000300 332
1000300 451
1000301 147
1000301 451
1000302 357
1000302 447
1000303 248
1000303 347
1000303 805
1000304 249
1000304 348
1000304 404
1000305 332
1000305 408
1000305 753
1000306 703
1000306 821
1000307 27
1000307 255
1000307 805
1000308 248
1000308 357
1000308 400
1000308 805
1000309 613
1000309 805
1000310 248
1000310 400
1000310 805
1000311 348
1000311 405
1000312 369
1000312 400
1000313 349
1000313 403
1000314 387
1000314 753
1000315 332
1000315 770
1000316 245
1000316 770
1000317 249
1000317 369
1000318 520
1000318 679
1000319 340
1000320 215
1000320 385
1000321 214
1000321 332
1000321 679
1000322 267
1000323 267
1000323 400
1000324 249
1000324 308
1000325 248
1000325 753
1000326 151
1000326 753
1000327 332
1000327 594
1000327 759
1000328 342
1000328 357
1000329 22
1000329 147
1000330 22
1000330 365
1000331 255
1000331 565
1000332 556
1000332 588
1000333 245
1000333 566
1000334 554
1000335 235
1000335 330
1000336 235
1000336 257
1000337 497
1000337 678
1000338 497
1000338 674
1000339 820
1000340 552
1000340 753
1000341 249
1000341 255
1000341 404
1000342 245
1000342 566
1000343 245
1000343 256
1000344 252
1000344 766
1000345 332
1000345 595
1000345 756
1000346 332
1000346 595
1000346 759
1000347 245
1000347 597
1000348 332
1000348 595
1000348 759
1000349 92
1000349 572
1000350 19
1000351 91
1000351 573
1000352 445
1000352 576
1000353 577
1000353 827
1000354 312
1000354 555
1000355 401
1000355 554
1000356 403
1000356 554
1000357 312
1000357 554
1000358 116
1000358 806
1000359 332
1000359 712
1000360 34
1000360 805
1000361 117
1000361 249
1000362 51
1000362 805
1000363 249
1000363 385
1000364 117
1000364 401
1000365 116
1000365 400
1000366 712
1000367 579
1000368 195
1000368 357
1000369 361
1000369 579
1000370 492
1000370 806
1000371 195
1000372 357
1000372 546
1000372 806
1000373 100
1000373 255
1000373 332
1000374 7
1000374 388
1000375 439
1000375 805
1000376 96
1000377 439
1000378 96
1000379 100
1000379 385
1000380 229
1000380 546
1000381 361
1000381 579
1000382 125
1000382 255
1000382 805
1000383 150
1000383 255
1000383 806
1000384 332
1000384 490
1000385 150
1000386 248
1000386 491
1000386 805
1000387 470
1000387 734
1000388 94
1000388 257
1000389 491
1000390 546
1000390 806
1000391 255
1000391 332
1000391 716
1000392 787
1000393 147
1000393 379
1000394 357
1000394 716
1000395 787
1000396 579
1000397 255
1000397 401
1000397 494
1000398 400
1000398 787
1000399 147
1000399 389
1000400 357
1000400 494
1000401 169
1000401 805
1000402 141
1000402 332
1000402 402
1000403 142
1000403 332
1000403 402
1000404 139
1000404 332
1000404 402
1000405 143
1000405 470
1000406 140
1000406 470
1000407 258
1000407 470
1000408 202
1000408 806
1000409 579
1000410 144
1000410 255
1000411 352
1000412 314
1000412 330
1000412 402
1000413 315
1000413 580
1000414 709
1000415 709
1000416 521
1000416 754
1000417 580
1000418 48
1000418 521
1000419 526
1000419 580
1000420 526
1000420 754
1000421 48
1000422 245
1000422 250
1000423 249
1000423 252
1000424 249
1000424 250
1000425 298
1000425 591
1000426 404
1000426 846
1000427 350
1000427 753
1000428 345
1000428 666
1000429 245
1000429 357
1000429 566
1000429 753
1000430 248
1000430 346
1000430 805
1000431 378
1000431 566
1000432 378
1000432 847
1000433 556
1000434 255
1000434 332
1000435 330
1000435 556
1000436 556
1000437 456
1000437 753
1000438 348
1000438 566
1000439 752
1000439 805
1000440 229
1000440 751
1000441 80
1000441 332
1000442 456
1000443 401
1000443 751
1000444 80
1000444 400
1000445 255
1000445 424
1000446 586
1000447 330
1000447 694
1000448 404
1000448 806
1000448 836
1000449 332
1000449 597
1000449 759
1000450 404
1000450 425
1000451 330
1000451 590
1000452 404
1000452 828
1000452 836
1000453 404
1000453 806
1000453 828
1000454 245
1000454 252
1000455 252
1000455 592
1000456 252
1000456 595
1000457 252
1000457 598
1000458 252
1000458 601
1000459 252
1000459 609
1000460 252
1000460 316
1000461 252
1000461 414
1000462 252
1000462 414
1000463 330
1000463 591
1000464 404
1000464 848
1000465 11
1000465 846
1000466 85
1000466 245
1000467 616
1000468 127
1000468 530
1000469 616
1000469 753
1000470 330
1000470 616
1000471 249
1000471 592
1000472 245
1000472 592
1000473 249
1000473 593
1000474 269
1000474 404
1000475 249
1000475 595
1000476 245
1000476 595
1000477 245
1000477 595
1000478 404
1000478 610
1000479 245
1000479 610
1000480 404
1000480 621
1000481 404
1000481 611
1000483 127
1000483 846
1000484 621
1000484 753
1000485 634
1000485 662
1000486 245
1000486 600
1000487 249
1000487 598
1000488 289
1000488 404
1000489 245
1000489 598
1000490 249
1000490 599
1000491 618
1000491 842
1000492 127
1000492 692
1000493 618
1000493 753
1000494 618
1000495 245
1000495 327
1000496 249
1000496 693
1000497 693
1000497 753
1000498 11
1000498 692
1000499 327
1000499 805
1000500 229
1000500 692
1000501 330
1000501 618
1000502 402
1000502 497
1000503 403
1000503 676
1000504 400
1000504 497
1000505 401
1000505 676
1000506 737
1000506 753
1000507 676
1000508 290
1000508 671
1000509 65
1000509 332
1000510 658
1000510 806
1000511 290
1000511 648
1000512 65
1000513 671
1000513 737
1000514 619
1000514 753
1000515 619
1000516 127
1000516 702
1000517 619
1000517 753
1000518 245
1000518 334
1000519 249
1000519 707
1000520 245
1000520 354
1000521 82
1000521 676
1000522 356
1000523 356
1000524 354
1000525 87
1000525 245
1000526 620
1000526 814
1000527 127
1000528 620
1000528 814
1000529 127
1000529 128
1000530 620
1000530 814
1000531 128
1000532 332
1000532 404
1000532 806
1000533 302
1000533 332
1000534 245
1000534 608
1000535 249
1000535 601
1000536 332
1000536 603
1000537 606
1000538 318
1000539 603
1000540 323
1000540 402
1000541 330
1000541 840
1000542 245
1000542 607
1000543 245
1000543 601
1000544 249
1000544 607
1000545 592
1000545 601
1000546 594
1000546 607
1000547 592
1000547 608
1000548 594
1000548 601
1000549 245
1000549 611
1000550 249
1000550 609
1000551 242
1000551 607
1000552 245
1000552 609
1000553 621
1000553 753
1000554 621
1000555 330
1000555 621
1000556 610
1000556 805
1000557 214
1000557 610
1000558 464
1000558 753
1000559 579
1000559 753
1000560 164
1000560 332
1000561 163
1000562 402
1000562 815
1000563 164
1000563 403
1000564 243
1000564 753
1000565 270
1000565 332
1000565 771
1000566 753
1000567 243
1000567 270
1000567 332
1000567 771
1000568 190
1000568 245
1000569 249
1000569 815
1000570 163
1000570 753
1000571 243
1000572 147
1000572 466
1000573 145
1000573 289
1000574 333
1000574 802
1000575 207
1000575 401
1000576 270
1000576 400
1000577 145
1000577 401
1000578 207
1000578 400
1000579 400
1000579 642
1000580 333
1000580 691
1000581 332
1000581 400
1000581 689
1000582 401
1000582 689
1000583 400
1000583 690
1000584 397
1000584 750
1000585 332
1000585 639
1000586 401
1000586 520
1000587 400
1000587 640
1000588 753
1000588 769
1000589 266
1000589 273
1000590 124
1000590 753
1000591 254
1000591 805
1000592 298
1000592 309
1000593 7
1000593 301
1000594 229
1000594 248
1000595 298
1000596 300
1000597 7
1000597 301
1000598 270
1000598 273
1000599 270
1000599 309
1000600 7
1000600 273
1000601 295
1000602 273
1000603 294
1000604 295
1000605 325
1000605 753
1000606 294
1000606 316
1000607 317
1000607 332
1000608 325
1000609 322
1000609 400
1000610 317
1000610 401
1000611 322
1000611 402
1000612 317
1000612 403
1000613 321
1000613 332
1000614 325
1000615 326
1000615 400
1000616 326
1000616 402
1000617 320
1000618 321
1000619 324
1000619 400
1000620 324
1000620 402
1000621 319
1000622 321
1000623 326
1000623 400
1000624 326
1000624 402
1000625 284
1000625 357
1000626 273
1000626 361
1000627 257
1000627 453
1000628 284
1000628 526
1000629 446
1000630 453
1000631 420
1000631 805
1000632 425
1000632 446
1000633 419
1000634 420
1000635 283
1000636 284
1000637 257
1000637 446
1000638 283
1000638 526
1000639 81
1000639 401
1000640 400
1000640 663
1000640 671
1000641 357
1000641 671
1000642 81
1000642 332
1000643 314
1000643 646
1000644 660
1000645 402
1000645 660
1000646 650
1000647 659
1000648 357
1000648 649
1000649 106
1000649 245
1000649 753
1000650 105
1000650 249
1000650 357
1000651 245
1000651 665
1000651 753
1000652 106
1000652 249
1000652 357
1000653 245
1000653 356
1000654 355
1000655 353
1000656 83
1000656 400
1000657 82
1000657 401
1000658 311
1000658 821
1000659 402
1000659 605
1000660 403
1000660 602
1000661 602
1000662 603
1000663 422
1000664 418
1000665 401
1000665 418
1000666 332
1000666 400
1000666 423
1000667 414
1000667 423
1000667 805
1000668 286
1000668 425
1000669 159
1000669 753
1000670 158
1000670 252
1000671 251
1000671 497
1000672 239
1000673 282
1000673 332
1000674 255
1000674 300
1000674 403
1000675 239
1000675 402
1000676 282
1000676 403
1000677 287
1000677 402
1000678 282
1000678 401
1000679 7
1000680 8
1000681 246
1000681 805
1000682 7
1000682 249
1000683 681
1000684 685
1000685 245
1000685 685
1000686 246
1000686 684
1000687 2
1000687 753
1000688 423
1000688 805
1000689 7
1000689 425
1000690 3
1000690 414
1000691 8
1000691 423
1000692 147
1000692 403
1000693 118
1000693 332
1000693 402
1000694 223
1000694 332
1000695 275
1000696 118
1000696 255
1000696 332
1000697 223
1000698 4
1000698 245
1000699 249
1000699 750
1000700 7
1000700 421
1000701 4
1000701 423
1000702 421
1000703 423
1000704 421
1000704 805
1000705 4
1000705 425
1000706 8
1000706 400
1000707 129
1000707 401
1000708 8
1000708 129
1000708 403
1000709 129
1000709 806
1000710 223
1000711 332
1000711 750
1000711 753
1000712 750
1000713 273
1000713 404
1000714 284
1000714 332
1000715 265
1000715 400
1000716 306
1000716 401
1000717 133
1000717 332
1000718 265
1000719 133
1000719 249
1000720 306
1000721 279
1000722 332
1000722 598
1000722 756
1000723 332
1000723 598
1000723 759
1000724 245
1000724 328
1000725 249
1000725 316
1000726 674
1000726 750
1000727 332
1000727 668
1000728 747
1000729 669
1000729 714
1000730 87
1000730 257
1000731 104
1000731 257
1000732 101
1000732 257
1000733 85
1000733 257
1000734 497
1000734 753
1000735 239
1000735 245
1000736 281
1000736 401
1000737 223
1000737 332
1000738 280
1000739 245
1000739 272
1000740 249
1000740 273
1000741 7
1000741 676
1000742 272
1000743 245
1000743 287
1000744 273
1000745 287
1000746 271
1000747 285
1000748 245
1000748 273
1000749 545
1000749 680
1000750 332
1000750 688
1000751 731
1000752 7
1000752 686
1000753 680
1000753 753
1000754 683
1000754 687
1000755 5
1000755 682
1000756 245
1000756 497
1000757 249
1000757 674
1000758 674
1000759 262
1000759 750
1000760 332
1000760 667
1000761 333
1000761 751
1000762 80
1000762 406
1000763 357
1000763 404
1000764 361
1000765 197
1000765 255
1000766 228
1000766 332
1000767 248
1000767 362
1000767 805
1000768 332
1000768 358
1000768 402
1000768 830
1000769 206
1000770 358
1000771 147
1000771 431
1000771 753
1000772 357
1000772 450
1000773 378
1000773 521
1000774 332
1000774 431
1000775 402
1000775 450
1000775 753
1000776 403
1000776 449
1000777 249
1000777 348
1000777 350
1000778 346
1000779 257
1000779 448
1000780 357
1000780 526
1000781 245
1000781 449
1000782 249
1000782 448
1000783 28
1000783 245
1000783 753
1000784 245
1000784 671
1000784 753
1000785 289
1000786 357
1000787 404
1000787 459
1000788 357
1000788 736
1000789 245
1000789 361
1000789 753
1000790 249
1000790 357
1000790 404
1000791 248
1000791 363
1000791 805
1000792 332
1000792 358
1000792 402
1000792 830
1000793 332
1000793 781
1000794 404
1000794 701
1000795 332
1000795 850
1000796 332
1000796 782
1000797 255
1000797 587
1000798 255
1000798 798
1000799 330
1000799 357
1000800 357
1000800 405
1000801 1
1000801 332
1000802 360
1000803 245
1000803 359
1000804 249
1000804 357
1000805 360
1000805 402
1000805 753
1000806 359
1000806 403
1000807 380
1000807 400
1000808 1
1000808 401
1000809 380
1000809 402
1000810 1
1000810 403
1000811 255
1000812 197
1000812 357
1000813 470
1000813 786
1000814 470
1000814 786
1000815 403
1000815 799
1000816 330
1000816 818
1000817 129
1000817 255
1000818 114
1000818 245
1000819 245
1000819 255
1000819 771
1000820 249
1000820 754
1000821 329
1000821 806
1000822 316
1000822 771
1000823 255
1000823 469
1000824 526
1000824 625
1000825 257
1000825 375
1000826 257
1000826 337
1000827 214
1000827 404
1000827 627
1000828 679
1000829 245
1000829 316
1000830 249
1000830 327
1000831 693
1000831 753
1000832 12
1000832 692
1000833 693
1000833 753
1000834 334
1000834 402
1000834 404
1000835 327
1000835 403
1000836 7
1000836 806
1000837 123
1000838 123
1000838 332
1000839 239
1000840 167
1000840 332
1000841 400
1000841 789
1000842 312
1000842 676
1000843 401
1000843 675
1000844 245
1000844 676
1000845 312
1000846 311
1000846 497
1000846 676
1000847 401
1000847 403
1000847 676
1000848 400
1000848 402
1000848 497
1000849 497
1000849 575
1000850 497
1000850 641
1000851 276
1000852 7
1000852 676
1000853 304
1000854 245
1000854 304
1000855 305
1000855 401
1000856 277
1000856 400
1000857 563
1000857 753
1000858 332
1000858 600
1000858 759
1000859 231
1000859 357
1000860 240
1000860 842
1000861 237
1000861 402
1000862 240
1000862 403
1000863 241
1000863 402
1000864 237
1000864 403
1000865 357
1000865 630
1000866 629
1000866 805
1000867 628
1000867 753
1000868 332
1000868 629
1000869 631
1000869 689
1000870 628
1000871 242
1000871 245
1000871 753
1000872 249
1000872 357
1000872 632
1000873 122
1000873 248
1000874 249
1000874 631
1000875 632
1000875 805
1000876 316
1000876 753
1000877 327
1000877 753
1000878 248
1000878 785
1000879 249
1000879 328
1000880 753
1000880 784
1000881 332
1000881 785
1000882 404
1000882 851
1000883 692
1000883 814
1000884 330
1000884 693
1000885 274
1000886 288
1000887 133
1000887 332
1000888 293
1000889 293
1000889 400
1000890 274
1000890 401
1000891 330
1000891 808
1000892 331
1000892 755
1000893 332
1000893 648
1000894 332
1000894 406
1000895 331
1000895 808
1000896 330
1000896 755
1000897 404
1000897 664
1000898 332
1000898 458
1000899 357
1000900 332
1000900 664
1000901 193
1000902 332
1000902 849
1000903 458
1000904 193
1000904 332
1000905 404
1000905 849
1000906 365
1000907 365
1000908 249
1000908 330
1000908 332
1000909 257
1000909 468
1000910 369
1000910 823
1000911 376
1000911 411
1000912 226
1000912 368
1000913 589
1000913 821
1000914 351
1000914 468
1000915 368
1000915 404
1000915 806
1000916 332
1000916 589
1000917 215
1000917 376
1000918 227
1000918 368
1000919 330
1000919 702
1000920 404
1000920 754
1000921 705
1000922 248
1000922 666
1000923 332
1000923 533
1000924 316
1000924 533
1000924 753
1000925 328
1000925 334
1000925 348
1000926 248
1000926 327
1000926 805
1000927 248
1000927 357
1000927 805
1000928 249
1000928 327
1000928 332
1000928 361
1000928 426
1000929 401
1000929 426
1000930 332
1000930 334
1000930 400
1000931 248
1000931 327
1000931 357
1000931 805
1000932 702
1000932 814
1000933 332
1000933 707
1000934 691
1000934 821
1000935 713
1000936 32
1000936 414
1000937 330
1000937 718
1000938 19
1000938 750
1000939 332
1000939 718
1000940 285
1000940 750
1000941 249
1000941 305
1000942 305
1000943 278
1000944 19
1000944 278
1000945 332
1000945 719
1000946 332
1000946 718
1000947 330
1000948 245
1000948 264
1000948 753
1000949 728
1000950 251
1000950 805
1000951 724
1000951 806
1000952 257
1000952 469
1000953 272
1000954 273
1000954 753
1000955 248
1000955 753
1000955 771
1000956 330
1000956 336
1000957 658
1000957 806
1000958 148
1000958 342
1000959 371
1000959 806
1000960 255
1000960 475
1000961 168
1000961 312
1000962 25
1000962 245
1000962 753
1000963 168
1000963 249
1000963 556
1000964 75
1000965 25
1000965 332
1000966 522
1000966 526
1000967 75
1000968 625
1000968 715
1000969 402
1000969 497
1000970 364
1000970 403
1000971 38
1000972 332
1000972 508
1000973 47
1000973 401
1000974 38
1000974 400
1000975 42
1000976 332
1000976 511
1000977 179
1000977 401
1000978 42
1000978 400
1000979 312
1000979 500
1000980 312
1000980 499
1000981 312
1000981 498
1000982 312
1000982 508
1000983 312
1000983 511
1000984 312
1000984 505
1000985 44
1000986 35
1000987 489
1000987 526
1000988 44
1000988 257
1000989 36
1000990 332
1000990 498
1000991 41
1000992 332
1000992 501
1000993 175
1000993 401
1000994 41
1000994 400
1000995 37
1000996 332
1000996 499
1000997 43
1000998 332
1000998 500
1000999 479
1000999 526
1001000 171
1001000 257
1001001 501
1001002 479
1001003 481
1001003 526
1001004 181
1001004 257
1001005 480
1001005 526
1001006 46
1001006 257
1001007 526
1001007 564
1001008 175
1001008 257
1001009 482
1001009 526
1001010 47
1001010 257
1001011 526
1001011 561
1001012 179
1001012 257
1001013 248
1001013 722
1001014 249
1001014 257
1001014 721
1001015 35
1001016 332
1001016 482
1001017 171
1001017 401
1001018 36
1001018 400
1001019 181
1001019 401
1001020 43
1001020 400
1001021 46
1001021 401
1001022 37
1001022 400
1001023 165
1001023 252
1001024 253
1001024 723
1001025 252
1001025 558
1001026 165
1001026 253
1001027 5
1001027 567
1001028 245
1001028 395
1001029 393
1001030 392
1001031 384
1001032 395
1001033 332
1001033 436
1001034 257
1001034 435
1001035 95
1001035 255
1001036 373
1001037 245
1001037 394
1001038 249
1001038 393
1001039 676
1001039 689
1001040 394
1001041 393
1001042 374
1001043 336
1001043 401
1001044 332
1001044 400
1001044 689
1001045 7
1001045 732
1001046 733
1001046 753
1001047 733
1001048 5
1001049 332
1001049 732
1001050 312
1001050 754
1001051 311
1001051 375
1001052 375
1001052 405
1001053 245
1001053 295
1001054 249
1001054 397
1001055 320
1001055 332
1001056 325
1001057 321
1001057 401
1001058 321
1001058 403
1001059 245
1001059 273
1001060 249
1001060 397
1001061 397
1001062 285
1001062 750
1001063 233
1001063 332
1001064 233
1001064 330
1001065 233
1001065 405
1001066 376
1001067 471
1001067 753
1001067 805
1001068 672
1001069 737
1001070 65
1001071 672
1001072 66
1001072 402
1001073 403
1001073 737
1001074 66
1001074 400
1001075 401
1001075 737
1001076 65
1001076 401
1001077 66
1001077 400
1001077 671
1001078 401
1001078 806
1001079 11
1001079 750
1001080 234
1001080 332
1001081 20
1001081 285
1001082 732
1001082 753
1001083 287
1001084 20
1001085 390
1001085 806
1001086 342
1001086 717
1001087 14
1001087 215
1001088 214
1001088 717
1001089 68
1001089 402
1001090 14
1001090 403
1001091 248
1001091 296
1001091 805
1001092 248
1001092 259
1001093 250
1001093 260
1001093 753
1001094 255
1001094 763
1001095 622
1001095 805
1001096 245
1001096 257
1001097 249
1001097 271
1001098 271
1001098 401
1001099 291
1001099 400
1001100 273
1001100 401
1001101 292
1001101 400
1001102 343
1001102 381
1001103 441
1001103 442
1001104 440
1001104 443
1001105 245
1001105 402
1001106 247
1001106 741
1001107 404
1001107 742
1001108 26
1001108 248
1001109 27
1001109 404
1001110 298
1001110 741
1001111 298
1001111 741
1001112 215
1001112 402
1001113 400
1001113 753
1001114 531
1001114 753
1001115 245
1001115 453
1001116 284
1001116 521
1001117 332
1001117 453
1001118 454
1001118 806
1001119 27
1001119 805
1001120 742
1001121 400
1001121 805
1001122 26
1001123 741
1001123 814
1001124 26
1001124 245
1001125 148
1001125 255
1001126 55
1001127 147
1001127 371
1001128 148
1001128 357
1001129 57
1001129 257
1001130 332
1001130 526
1001130 717
1001131 55
1001131 401
1001132 54
1001132 400
1001133 54
1001134 132
1001134 332
1001135 132
1001135 332
1001136 57
1001137 148
1001137 401
1001138 132
1001138 400
1001139 148
1001139 255
1001140 148
1001141 161
1001141 257
1001142 132
1001142 332
1001143 161
1001144 132
1001145 132
1001145 332
1001146 378
1001147 93
1001147 255
1001148 186
1001148 401
1001149 77
1001149 400
1001150 526
1001150 720
1001151 186
1001151 257
1001152 39
1001153 332
1001153 506
1001154 172
1001154 401
1001155 39
1001155 400
1001156 312
1001156 513
1001157 312
1001157 515
1001158 312
1001158 509
1001159 312
1001159 506
1001160 312
1001160 516
1001161 44
1001162 332
1001162 516
1001163 182
1001163 401
1001164 44
1001164 400
1001165 248
1001165 762
1001166 249
1001166 257
1001166 760
1001167 489
1001167 526
1001168 182
1001168 257
1001169 76
1001170 332
1001170 509
1001171 180
1001171 401
1001172 76
1001172 400
1001173 79
1001174 332
1001174 513
1001175 184
1001175 401
1001176 79
1001176 400
1001177 526
1001177 740
1001178 184
1001178 257
1001179 526
1001179 614
1001180 180
1001180 257
1001181 526
1001181 745
1001182 172
1001182 257
1001183 77
1001184 332
1001184 515
1001185 245
1001185 259
1001186 249
1001186 296
1001187 256
1001187 259
1001187 351
1001188 249
1001188 622
1001189 296
1001190 532
1001190 759
1001190 829
1001191 152
1001191 838
1001192 332
1001192 759
1001192 828
1001193 829
1001193 838
1001194 332
1001194 402
1001194 828
1001195 403
1001195 829
1001196 137
1001196 567
1001197 5
1001197 567
1001198 102
1001198 567
1001199 121
1001199 567
1001200 5
1001200 567
1001201 753
1001201 754
1001202 255
1001202 332
1001202 771
1001203 568
1001203 674
1001204 251
1001204 805
1001205 84
1001205 753
1001206 85
1001206 332
1001207 85
1001207 256
1001208 379
1001209 764
1001209 827
1001210 332
1001210 765
1001211 753
1001212 330
1001212 753
1001213 405
1001213 753
1001214 624
1001214 753
1001215 159
1001215 788
1001216 85
1001216 542
1001217 185
1001217 401
1001218 45
1001218 400
1001219 485
1001219 526
1001220 185
1001220 257
1001221 248
1001221 486
1001222 249
1001222 257
1001222 761
1001223 312
1001223 503
1001224 487
1001224 526
1001225 177
1001225 257
1001226 312
1001226 504
1001227 312
1001227 502
1001228 40
1001229 332
1001229 502
1001230 174
1001230 401
1001231 40
1001231 400
1001232 78
1001233 332
1001233 503
1001234 177
1001234 401
1001235 78
1001235 400
1001236 45
1001237 332
1001237 504
1001238 484
1001238 526
1001239 174
1001239 257
1001240 506
1001241 484
1001242 245
1001242 804
1001243 249
1001243 803
1001244 316
1001244 805
1001245 332
1001245 784
1001246 753
1001247 753
1001247 780
1001248 332
1001248 778
1001249 245
1001249 779
1001250 249
1001250 778
1001251 67
1001252 823
1001253 67
1001254 245
1001254 738
1001254 753
1001255 249
1001255 556
1001255 790
1001256 424
1001256 805
1001257 245
1001257 256
1001257 753
1001258 249
1001258 404
1001258 425
1001259 245
1001259 414
1001260 249
1001260 424
1001261 245
1001261 425
1001262 249
1001262 414
1001263 425
1001263 806
1001264 414
1001264 771
1001265 332
1001265 360
1001266 1
1001267 357
1001267 400
1001268 332
1001268 360
1001268 401
1001269 1
1001269 312
1001270 380
1001270 405
1001271 71
1001271 312
1001272 201
1001272 311
1001273 248
1001273 805
1001274 229
1001274 530
1001275 211
1001275 805
1001276 220
1001276 229
1001277 97
1001278 98
1001278 255
1001279 99
1001279 245
1001279 753
1001280 97
1001280 249
1001280 348
1001281 98
1001281 245
1001281 753
1001282 211
1001282 666
1001283 99
1001284 230
1001284 357
1001284 805
1001285 119
1001285 245
1001285 357
1001285 753
1001286 332
1001286 334
1001287 224
1001288 215
1001288 224
1001289 105
1001289 211
1001290 245
1001290 429
1001290 753
1001291 230
1001291 249
1001291 679
1001292 212
1001292 215
1001293 775
1001293 805
1001294 229
1001294 249
1001295 774
1001295 805
1001296 219
1001297 332
1001297 774
1001298 210
1001298 211
1001299 332
1001299 438
1001300 160
1001300 332
1001301 261
1001302 366
1001302 753
1001303 332
1001303 367
1001304 365
1001304 401
1001305 332
1001305 366
1001305 400
1001306 261
1001306 357
1001307 210
1001307 361
1001308 438
1001309 219
1001310 147
1001310 367
1001311 160
1001311 357
1001312 248
1001312 400
1001312 805
1001313 426
1001313 805
1001314 229
1001314 851
1001315 255
1001315 768
1001316 93
1001317 653
1001318 330
1001318 402
1001318 661
1001319 314
1001319 801
1001320 661
1001321 255
1001321 521
1001321 657
1001322 255
1001322 401
1001323 357
1001323 400
1001324 357
1001324 526
1001325 245
1001325 753
1001325 754
1001326 249
1001326 556
1001326 806
1001327 13
1001328 70
1001329 52
1001329 402
1001330 13
1001330 403
1001331 332
1001331 717
1001332 52
1001333 147
1001333 390
1001334 357
1001334 717
1001335 70
1001335 255
1001336 806
1001337 298
1001338 297
1001339 812
1001340 299
1001340 401
1001341 400
1001341 812
1001342 10
1001342 742
1001343 9
1001343 753
1001344 245
1001344 313
1001345 249
1001345 813
1001346 311
1001346 805
1001347 249
1001347 313
1001348 813
1001349 382
1001350 232
1001351 245
1001351 383
1001352 249
1001352 382
1001353 82
1001353 676
1001354 383
1001355 814
1001356 245
1001356 298
1001357 249
1001357 814
1001358 460
1001359 839
1001360 50
1001360 255
1001361 471
1001362 333
1001362 663
1001362 679
1001363 534
1001363 805
1001364 249
1001364 827
1001365 152
1001365 245
1001366 249
1001366 534
1001367 5
1001367 15
1001368 332
1001368 825
1001369 8
1001369 15
1001370 332
1001370 826
1001371 825
1001372 17
1001372 245
1001373 15
1001373 249
1001374 638
1001374 826
1001375 257
1001375 465
1001376 351
1001376 521
1001377 673
1001377 827
1001378 477
1001378 671
1001379 351
1001379 402
1001379 671
1001380 403
1001380 673
1001381 477
1001381 521
1001382 352
1001382 827
1001383 351
1001383 477
1001384 351
1001384 402
1001385 352
1001385 403
1001386 215
1001386 385
1001387 385
1001388 252
1001388 463
1001389 251
1001389 385
1001390 332
1001390 404
1001390 806
1001391 332
1001391 385
1001392 146
1001392 404
1001392 821
1001393 332
1001393 468
1001394 827
1001395 273
1001395 401
1001396 303
1001396 400
1001397 303
1001397 400
1001398 386
1001398 401
1001399 303
1001399 402
1001400 386
1001400 403
1001401 333
1001401 406
1001402 330
1001402 428
1001403 257
1001403 430
1001404 257
1001404 428
1001405 330
1001405 430
1001406 257
1001406 437
1001407 330
1001407 437
1001408 819
1001409 245
1001409 413
1001410 249
1001410 410
1001411 236
1001411 257
1001412 236
1001412 330
1001413 127
1001413 841
1001414 753
1001414 840
1001415 245
1001415 412
1001416 833
1001417 245
1001417 834
1001418 249
1001418 833
1001419 248
1001419 835
1001420 249
1001420 833
1001421 333
1001421 404
1001421 737
1001422 337
1001422 401
1001423 255
1001423 538
1001424 520
1001424 679
1001425 74
1001426 69
1001427 53
1001427 402
1001428 74
1001428 403
1001429 147
1001429 370
1001430 56
1001430 357
1001431 56
1001431 332
1001432 53
1001433 146
1001433 332
1001433 404
1001434 332
1001434 387
1001435 332
1001435 404
1001436 332
1001436 387
1001437 69
1001437 255
1001438 146
1001438 806
1001439 53
1001439 400
1001440 74
1001440 401
1001441 387
1001442 255
1001442 338
1001442 404
1001443 217
1001443 402
1001444 403
1001444 841
1001445 191
1001446 217
1001446 332
1001447 245
1001447 410
1001448 5
1001449 285
1001449 287
1001450 2
1001451 285
1001452 404
1001452 706
1001452 806
1001453 388
1001454 332
1001454 608
1001454 759
1001455 203
1001456 255
1001456 698
1001457 522
1001457 666
1001458 389
1001459 332
1001459 609
1001459 756
1001460 332
1001460 609
1001460 759
1001461 332
1001461 609
1001461 759
1001462 113
1001462 424
1001463 112
1001463 414
1001464 113
1001464 415
1001465 245
1001465 723
1001466 112
1001466 249
1001467 416
1001467 521
1001468 414
1001468 446
1001469 245
1001469 551
1001470 249
1001470 550
1001471 218
1001471 402
1001472 403
1001472 846
1001473 192
1001474 218
1001474 332
1001475 22
1001475 255
1001475 404
1001476 598
1001476 610
1001477 330
1001477 846
1001478 316
1001478 424
1001479 753
1001479 848
1001480 245
1001480 424
1001481 332
1001481 800
1001482 298
1001482 846
1001483 255
1001483 404
1001484 330
1001484 848
1001485 424
1001485 592
1001486 424
1001486 595
1001487 424
1001487 598
1001488 424
1001488 601
1001489 424
1001489 609
1001490 414
1001490 424
1001491 414
1001491 424
1001492 332
1001492 611
1001492 759
1001493 245
1001493 256
1001493 357
1001493 753
1001494 738
1001495 255
1001495 474
1001496 717
1001496 724
1001497 312
1001497 735
1001498 72
1001498 257
1001499 73
1001499 332
1001500 170
1001500 401
1001501 72
1001501 400
1001502 73
1001503 332
1001503 735
1001504 255
1001504 401
1001504 790
1001505 170
1001505 257
1001505 400
1001506 625
1001506 711
1001507 330
1001507 851
1001508 307
1001508 330
